52
114
116
129
182
183
184
185
186
187
188
189
190
191
192
193
194
195
196
197
198
199
239
247
248
256
280
282
319
322
329
342
372
373
380
381
382
487
564
576
627
628
629
630
631
632
635
642
643
647
648
677
745
758
767
829
834
885
928
966
974
996
1032
1053
1070
1071
1072
1073
1074
1083
1184
1255
1256
1399
1647
1648
1691
1766
1767
1789
1844
1870
1914
1934
1964
1984
2001
2069
2090
2091
2136
2200
2201
2202
2203
2204
2205
2206
2207
2208
2209
2210
2211
2212
2213
2214
2215
2216
2217
2218
2219
2220
2221
2222
2223
2224
2367
2419
2429
2623
2624
2625
2626
2650
2738
2820
2877
2879
2998
2999
3000
3002
3018
3057
3100
3155
3201
3332
3501
3502
3503
3504
3505
3506
3507
3508
3509
3510
3511
3512
3513
3514
3515
3516
3517
3518
3519
3520
3521
3522
3523
3524
3651
4022
4100
4232
4503
4554
4572
4573
4574
4575
4576
4577
4578
4579
4580
4741
4749
4750
4751
4935
4949
4950
4951
5001
5082
5126
5188
5189
5190
5212
5213
5214
5215
5216
5316
5611
5613
5627
5634
5635
5714
5718
5740
5790
5877
5884
5885
5886
6000
6084
6123
6131
6160
6302
6319
6497
6501
6532
6533
6534
6535
6536
6537
6538
6539
6540
6541
6542
6543
6544
6545
6546
6547
6548
6550
6551
6552
6553
6554
6555
6556
6557
6620
6817
6842
6871
6949
6951
7015
7092
7093
7094
7169
7175
7209
7215
7216
7217
7218
7219
7220
7221
7260
7261
7266
7270
7271
7272
7273
7285
7286
7287
7288
7289
7290
7312
7313
7314
7315
7316
7327
7328
7329
7330
7331
7332
7337
7340
7341
7349
7367
7384
7406
7407
7408
7418
7419
7420
7454
7455
7456
7457
7458
7468
7483
7484
7507
7528
7536
7869
7872
7873
7874
7935
8204
8205
8227
8608
8609
8610
8611
8612
8613
8614
8615
8616
8617
8618
8619
8620
8621
8622
8623
8624
8625
8626
8627
8628
8629
8630
8631
8632
8633
8634
8635
8636
8637
8650
8719
8746
8748
8749
8750
8751
8752
8753
8754
8755
8756
8757
8758
8759
8760
8761
8762
8763
8764
8765
8766
8767
8768
8769
8806
8807
8808
8809
8810
8811
8812
8816
8817
8818
8958
8959
8960
8962
8963
8965
8966
8967
8968
8969
8970
8971
8972
8973
8974
8975
8976
8977
8978
8979
8980
8981
8982
8983
8984
8985
8986
8987
8988
8989
8990
8991
8993
9001
9002
9003
9004
9005
9006
9007
9008
9009
9010
9011
9012
9013
9014
9015
9016
9017
9018
9019
9020
9021
9022
9023
9024
9025
9026
9027
9028
9029
9030
9031
9032
9033
9034
9035
9036
9037
9038
9039
9040
9041
9042
9056
9113
9114
9115
9116
9117
9118
9119
9120
9121
9122
9123
9124
9125
9126
9127
9128
9129
9130
9131
9132
9133
9134
9135
9136
9137
9138
9139
9140
9141
9142
9143
9144
9145
9146
9147
9268
9269
9270
9271
9272
9273
9274
9275
9276
9277
9278
9279
9280
9281
9282
9283
9284
9285
9286
9287
9288
9289
9290
9291
9292
9293
9307
9336
9337
9338
9339
9340
9341
9342
9343
9344
9345
9346
9347
9348
9349
9350
9351
9352
9353
9354
9355
9356
9357
9358
9359
9360
9361
9392
9416
9417
9418
9419
9420
9421
9422
9423
9424
9425
9426
9427
9428
9429
9430
9431
9432
9433
9434
9435
9436
9437
9438
9451
9452
9510
9511
9512
9513
9514
9515
9516
9517
9518
9519
9520
9521
9522
9523
9524
9525
9526
9527
9528
9529
9530
9531
9532
9533
9534
9535
9536
9537
9538
9539
9540
9541
9551
9552
9553
9554
9555
9556
9557
9558
9671
9672
9673
9674
9675
9676
9677
9678
9679
9680
9681
9682
9683
9684
9685
9686
9687
9688
9689
9690
9691
9692
9693
9694
9695
9696
9697
9698
9699
9701
9702
9703
9704
9705
9706
9707
9708
9709
9710
9711
9712
9713
9714
9715
9716
9717
9718
9719
9720
9721
9722
9723
9724
9725
9726
9727
9728
9729
9730
9731
9732
9733
9734
9735
9736
9737
9738
9739
9740
9741
9742
9743
9744
9782
9783
9842
9930
9933
9934
9942
9970
10115
10137
10140
10152
10153
10154
10155
10156
10157
10158
10167
10168
10169
10170
10171
10172
10173
10174
10175
10176
10177
10178
10179
10180
10181
10182
10183
10184
10185
10186
10187
10188
10189
10190
10191
10192
10193
10194
10195
10196
10197
10198
10199
10200
10203
10204
10205
10206
10207
10208
10209
10223
10227
10228
10229
10230
10231
10232
10233
10235
10236
10237
10238
10239
10240
10241
10242
10243
10244
10245
10246
10247
10248
10249
10250
10252
10253
10254
10255
10256
10257
10258
10259
10260
10261
10262
10263
10264
10265
10269
10270
10271
10272
10273
10275
10276
10277
10278
10279
10280
10281
10282
10283
10284
10285
10286
10287
10288
10295
10296
10297
10298
10299
10300
10301
10302
10303
10304
10305
10306
10307
10308
10309
10310
10311
10312
10313
10344
10348
10405
10406
10407
10408
10411
10412
10413
10414
10415
10416
10423
10424
10453
10470
10486
10487
10488
10493
10497
10498
10499
10500
10501
10503
10504
10505
10524
10525
10526
10527
10528
10529
10530
10535
10536
10547
10558
10559
10625
10634
10645
10646
10650
10651
10652
10653
10654
10757
10758
10759
10836
11001
11002
11040
11100
11130
11200
11291
11292
11297
11307
11371
11496
11511
11753
11755
11756
11775
11776
11777
11778
11779
11780
11781
11782
11783
11784
11785
11786
11787
11788
11789
11790
11791
11792
11793
11794
11795
11796
11797
11798
11799
11800
11897
11925
11935
11937
11945
